ACCURACY: 46.4001552493693
PERPLEXITY: 14.297937393188477

