ACCURACY: 48.47661556374927
PERPLEXITY: 13.336856842041016

