ACCURACY: 47.079371240054336
PERPLEXITY: 14.73332691192627

