ACCURACY: 40.19018047739181
PERPLEXITY: 25.600433349609375

