ACCURACY: 42.324859305259075
PERPLEXITY: 21.3365478515625

