ACCURACY: 39.70502619833107
PERPLEXITY: 24.108259201049805

