ACCURACY: 39.84086939646808
PERPLEXITY: 23.745153427124023

