ACCURACY: 41.89792353968562
PERPLEXITY: 20.932018280029297

