ACCURACY: 42.48010867455851
PERPLEXITY: 21.615875244140625

