ACCURACY: 49.078206869784594
PERPLEXITY: 14.688002586364746

