ACCURACY: 41.89792353968562
PERPLEXITY: 20.93202018737793

