ACCURACY: 43.372792548030276
PERPLEXITY: 18.822664260864258

