ACCURACY: 41.66504948573647
PERPLEXITY: 20.6865177154541

