ACCURACY: 42.57713953037066
PERPLEXITY: 19.40731430053711

