ACCURACY: 45.70153308752183
PERPLEXITY: 14.67911434173584

