ACCURACY: 41.80089268387347
PERPLEXITY: 20.608394622802734

